21660000000,1176404230,805455221,59488,9050,6,44
21660000000,2739938457,1566778979,80,1979,6,594
21660000000,805467236,3876307058,80,60000,6,1448
21660000002,805468228,2939864650,80,46386,6,1448
21660000003,3682546629,1010276278,2749,80,6,0
21660000003,805467236,3876307058,80,60000,6,725
21660000004,2654874092,805456088,55887,80,6,0
21660000004,2654874092,805456088,55887,80,6,0
21660000005,698345477,3208867253,46387,80,6,1460
21660000006,1302199495,2093864965,1710,80,6,0
21660000006,2545444799,805458232,1407,80,6,0
21660000009,805468167,656223538,80,52442,6,1448
21660000011,1107315574,1894655831,1104,80,6,368
21660000012,805468228,2939864650,80,46386,6,1448
21660000018,2221400747,1034359528,49989,80,6,0
21660000019,2221400747,1034359528,49989,80,6,0
21660000022,2361179334,3962614885,1204,80,6,415
21660000022,2397275482,1894654739,1327,1935,6,0
21660000022,1402582691,697868189,52284,80,6,0
21660000026,805468167,656223538,80,52442,6,1448
21660000027,2315833289,669127396,2714,8080,6,0
21660000028,805468228,2939864650,80,46386,6,1448
21660000030,2654874092,805456088,55887,80,6,0
21660000033,2407026630,1183920666,80,1313,6,0
21660000035,609546263,1020255340,54096,443,6,229
21660000038,805468167,656223538,80,52442,6,1448
21660000039,3096118854,3096102654,8465,58117,6,0
21660000040,805468228,2939864650,80,46386,6,1448
21660000048,805468167,656223538,80,52442,6,1448
21660000050,805468228,2939864650,80,46386,6,1448
21660000051,636971839,857917071,13175,1935,6,0
21660000052,1301574169,671791538,2988,80,6,0
21660000055,698345477,3208867253,46387,80,6,1460
21660000059,805468167,656223538,80,52442,6,1448
21660000061,805468228,2939864650,80,46386,6,1448
21660000069,805469149,1034359863,55270,9042,17,997
21660000071,805468167,656223538,80,52442,6,1448
21660000073,805468228,2939864650,80,46386,6,1448
21660000074,3079244196,805455225,62558,80,6,0
21660000075,805406800,3208852830,80,64391,6,1448
21660000083,805468167,656223538,80,52442,6,1448
21660000085,805406800,3208852830,80,64391,6,936
21660000086,805468228,2939864650,80,46386,6,1448
21660000088,2454598564,1032796304,61617,80,6,0
21660000093,805468167,656223538,80,52442,6,1448
21660000094,805468228,2939864650,80,46386,6,1448
21660000105,805468167,656223538,80,52442,6,1448
21660000106,805468228,2939864650,80,46386,6,1448
21660000107,2344792198,1034359498,43544,80,6,0
21660000110,619490539,671792026,11095,80,6,0
21660000111,875076288,1894654828,41366,80,6,0
21660000117,805468167,656223538,80,52442,6,1448
21660000118,805468228,2939864650,80,46386,6,1448
21660000127,805468167,656223538,80,52442,6,1448
21660000129,3691911360,669127396,4567,8080,6,0
21660000130,805468228,2939864650,80,46386,6,1448
21660000140,805468167,656223538,80,52442,6,1448
21660000141,2357209285,669127396,53750,8080,6,0
21660000142,1299170852,864193119,54796,80,6,0
21660000142,3832267104,671791537,64567,80,6,0
21660000149,2653061233,2093865304,50541,80,6,0
21660000151,805468167,656223538,80,52442,6,1448
21660000165,805468167,656223538,80,52442,6,1448
21660000167,2227164239,805456027,53625,80,6,0
21660000170,889198473,1894687334,55196,80,6,0
21660000171,2388225014,3960176045,1073,443,6,0
21660000171,3095199017,1032796185,49396,80,6,0
21660000171,553074615,921016686,36609,48385,17,30
21660000174,2377757924,1010276276,2465,80,6,0
21660000177,805468167,656223538,80,52442,6,1398
21660000178,680573559,3256498581,53,15009,17,781
21660000179,620541457,669127396,50860,8080,6,0
21660000181,805467317,3023308991,56644,443,6,0
21660000183,1029799771,3256923985,80,47247,6,0
21660000185,901263574,921740600,12340,35138,17,29
21660000186,2273036860,839723572,56973,80,6,0
21660000190,1148977496,1894655871,33377,80,6,594
21660000195,4270706969,1894687524,53547,80,6,0
21660000199,3662437262,1010276262,49405,80,6,0
21660000200,667549262,3531253202,80,63294,6,37
21660000201,3501715555,814525623,13801,80,6,410
21660000206,813831534,3010143325,20502,53,17,46
21660000212,2553423415,669127396,4808,8080,6,0
21660000213,3079274910,839723540,50650,80,6,0
21660000214,657477974,656215399,41208,13122,17,172
21660000214,2926009017,2583596655,20272,43396,17,172
21660000214,1011118026,661149892,80,25993,6,0
21660000235,3065744721,805456025,8967,80,6,0
21660000236,3065744721,805456025,8967,80,6,0
21660000241,2967505211,3024204099,80,33524,6,0
21660000244,2553423415,669127396,4808,8080,6,571
21660000244,805467317,3023308991,56644,443,6,0
21660000246,1028681397,2332676703,80,33750,6,201
21660000249,2394097448,805456007,19843,80,6,0
21660000260,2394097448,805456007,19843,80,6,0
21660000261,1402582691,697868189,52284,80,6,0
21660000273,2394097448,805456007,19843,80,6,0
21660000276,2394097448,805456007,19843,80,6,0
21660000282,1148689708,3207066336,48242,36370,17,94
21660000284,2394097448,805456007,19843,80,6,0
