1 1 2 1 2
2 1 3 1 3
3 1 4 1 3 4
4 1 5 1 2 5
5 1 6 1 3 6
6 2 1 2 1
7 2 3 2 1 3
8 2 4 2 5 4
9 2 5 2 5
10 2 6 2 5 6
11 3 1 3 1
12 3 2 3 1 2
13 3 4 3 4
14 3 6 3 6
15 4 1 4 3 1
16 4 2 4 5 2
17 4 3 4 3
18 4 5 4 5
19 4 7 4 7
20 4 8 4 8
21 4 10 4 8 10
22 4 11 4 7 11
23 5 1 5 2 1
24 5 2 5 2
25 5 4 5 4
26 5 6 5 6
27 6 1 6 3 1
28 6 2 6 5 2
29 6 3 6 3
30 6 5 6 5
31 6 7 6 7
32 6 8 6 8
33 6 10 6 8 10
34 6 11 6 7 11
35 7 4 7 4
36 7 6 7 6
37 7 8 7 8
38 7 9 7 11 9
39 7 11 7 11
40 7 12 7 11 12
41 8 4 8 4
42 8 6 8 6
43 8 7 8 7
44 8 9 8 10 9
45 8 10 8 10
46 8 12 8 10 12
47 9 7 9 11 7
48 9 8 9 10 8
49 9 10 9 10
50 9 11 9 11
51 10 4 10 8 4
52 10 6 10 8 6
53 10 8 10 8
54 10 9 10 9
55 10 11 10 11
56 10 12 10 12
57 11 4 11 7 4
58 11 6 11 7 6
59 11 7 11 7
60 11 9 11 9
61 11 10 11 10
62 11 12 11 12
63 12 7 12 11 7
64 12 8 12 10 8
65 12 10 12 10
66 12 11 12 11
